world: d65c0aac-cba3-4f48-89b2-0550be66f436
world-name: world_the_end
x: 0.5009986722907237
y: 63.0
z: -1.4385256867319622
yaw: -268.9112548828125
pitch: -8.147858619689941
name: end
lastowner: 90fa8f6e-4d32-3497-9cf8-ca8d77cf5dff
